2.000000000000000000e+01
1.400000000000000000e+01
3.600000000000000000e+01
2.700000000000000000e+01
1.700000000000000000e+01
2.200000000000000000e+01
4.200000000000000000e+01
6.000000000000000000e+01
5.400000000000000000e+01
5.800000000000000000e+01
2.800000000000000000e+01
2.000000000000000000e+01
2.900000000000000000e+01
2.800000000000000000e+01
4.900000000000000000e+01
4.200000000000000000e+01
2.100000000000000000e+01
1.800000000000000000e+01
8.000000000000000000e+00
0.000000000000000000e+00
0.000000000000000000e+00
