-inf
9.570530891118940175e+00
1.315268739072648785e+01
1.168496737307862432e+01
1.209183125933863501e+01
9.479275551114088927e+00
1.014629769345361510e+01
9.374975091272897743e+00
4.948837041784594604e+00
6.563093163889279325e+00
6.947861951923683499e+00
5.189088277566526131e+00
4.734431266980244857e+00
4.740011764510532188e+00
7.562605922448081941e+00
8.884995995310939421e+00
7.388792547804349908e+00
9.783390678347888780e+00
7.117587674709617396e+00
8.323911381548839472e+00
9.851486113864044825e+00
9.078046383988066736e+00
1.009106886510902434e+01
9.518684182353974066e+00
8.866189339179724627e+00
7.787690395867540971e+00
8.396025612205665567e+00
8.542402855319188859e+00
8.670495492184503661e+00
9.700832131678620129e+00
9.200490578673138131e+00
8.124626580247994667e+00
1.112351569594566847e+01
1.002967914108240066e+01
1.042866416124572559e+01
9.830480520630711538e+00
7.876059089522857271e+00
7.914198925546535257e+00
7.973467371209290278e+00
7.440218238265829065e+00
8.795924106415046850e+00
1.015839995032680854e+01
7.925826195923984407e+00
7.466875888643944137e+00
1.040135342924481598e+01
1.030320030575231627e+01
1.137045006380685841e+01
1.005613711306807723e+01
9.255333141859049206e+00
8.332460063110238124e+00
8.707146245462793033e+00
1.063630573681793656e+01
1.112800849473537745e+01
8.397808208744740099e+00
7.335630248245463392e+00
7.282707204992760808e+00
7.898462590376798431e+00
1.018715849982175214e+01
1.010729645041484126e+01
9.001974624747017373e+00
1.049123763668637643e+01
7.584769582089204043e+00
8.473703603742173129e+00
1.043704395751240455e+01
8.056496658487118268e+00
1.001317678980352532e+01
8.819218372836319375e+00
1.098872780508412639e+01
9.278100412541407493e+00
9.072347535117371464e+00
8.651773239303274465e+00
8.862381012850402584e+00
5.685900135905047392e+00
5.239354876195699617e+00
8.036104223222970688e+00
1.050301527429189363e+01
8.264963055368351519e+00
1.018234152582965812e+01
1.317938859601744284e+01
9.883224282713028330e+00
8.323887843675155551e+00
1.043975547789691660e+01
8.162519852110293073e+00
7.844966276607581612e+00
6.812448655766822903e+00
8.641874347849258342e+00
7.175339979216336594e+00
7.832077724439408861e+00
5.846274387534881711e+00
1.021544722665125882e+01
7.558122288588347892e+00
7.979864726745979908e+00
8.801795853052061247e+00
6.279686619045350859e+00
5.482095558837667859e+00
8.087982799057925831e+00
9.774851268651794101e+00
8.327389570415034470e+00
9.403011607087393031e+00
9.806235170377970434e+00
4.196805444862966361e+00
6.223083237733314732e+00
9.769456405416457656e+00
8.558149671556801508e+00
7.939262435537918883e+00
7.796930353710169292e+00
9.757286875732303244e+00
9.981717279678658628e+00
9.006418772661834993e+00
8.512450893018558062e+00
7.466824766775770783e+00
1.045429886287864818e+01
7.659990547762896895e+00
4.958738547752591153e+00
7.167394428541711271e+00
5.983743870364000017e+00
8.364465311550601356e+00
8.800245483168524174e+00
7.456989542961354189e+00
8.000264506018130106e+00
5.430058728169998794e+00
5.639200439867184222e+00
5.295584271468670501e+00
7.895064831509014169e+00
1.095722459513712721e+01
1.108038047187863562e+01
9.939297711764099930e+00
8.622206726622978934e+00
8.276705854634418102e+00
6.879587255270811497e+00
6.525160085421413569e+00
7.894812806287835549e+00
6.979745806200854830e+00
7.177423313086553236e+00
6.540923478410997305e+00
8.808655041134903385e+00
4.722382006998921966e+00
1.977398092567588028e+00
9.315932679305078068e+00
6.232766169646545507e+00
9.019179832082784287e+00
6.562363796393227311e+00
9.181793035062165487e+00
5.094721836068611509e+00
4.328182393458776644e+00
7.723419376607079556e+00
9.310112281007516088e+00
8.071505738685690545e+00
7.267619021661612777e+00
8.944792976880069801e+00
8.613164651169441299e+00
9.641046569962837154e+00
4.647062213399363095e+00
5.387375709271498891e+00
9.155846362517070958e+00
7.414808947378791260e+00
7.569336669625403857e+00
7.986413975809069754e+00
9.045367221927905987e+00
8.581973014473614825e+00
7.080283700488996246e+00
7.535102895871662376e+00
6.727986795044594182e+00
8.220626432653864057e+00
6.528730003658400172e+00
9.850431028790339383e+00
1.053531638850105523e+01
9.184070221655117550e+00
1.286287081740199767e+01
9.693134068061954878e+00
9.068636841058452802e+00
1.068817370350112128e+01
8.566786117664618061e+00
8.292001784312279966e+00
9.488349790323415078e+00
7.827923792239628753e+00
7.367539411560077411e+00
2.901105461154043663e+00
1.293484483844609345e+00
8.211146689395826925e+00
7.746650688025003006e+00
9.160415605880666945e+00
7.411550463508820741e+00
1.002168751710174455e+01
9.248711412955911371e+00
7.969471867410051757e+00
1.137309842253487702e+01
9.816879477478796190e+00
7.636439264355669110e+00
5.884995368524982950e+00
4.990668105400823507e+00
8.340678590343303611e+00
7.280129336433180498e+00
7.795499261311237937e+00
9.225993807272899971e+00
8.364831424524558301e+00
9.874947845083468678e+00
1.009112776422231583e+01
9.872232035666373307e+00
9.965025058385712953e+00
9.608937458953890953e+00
9.695850649193149096e+00
1.085354474237466604e+01
8.848200171591718899e+00
1.096921662720802715e+01
1.054841080263394737e+01
9.481609249593882183e+00
9.199598450895351220e+00
8.358758162877304443e+00
8.873490472464050427e+00
1.150205939703512925e+01
9.521375814892365952e+00
9.336550300342597808e+00
1.223735689860374087e+01
1.119752947040498547e+01
8.566038852690423866e+00
8.075567675860352068e+00
7.207372320202037663e+00
3.516762922424343074e+00
6.060817872174927068e+00
3.864273730509986571e+00
6.727267729503695115e+00
5.435535888007401617e+00
4.238897758860406206e+00
6.529650701695747905e+00
6.589437405025404537e+00
8.007485405859180005e+00
2.861140332471487024e+00
7.186576573480126129e+00
9.195881194484632815e+00
7.062092600196672620e+00
6.990850599603176008e+00
1.066124535816351937e+01
1.114109756889881808e+01
1.050495498696945518e+01
1.120901542722021205e+01
7.945502032255959080e+00
8.154738818991946303e+00
5.609030883904441822e+00
3.126212403849210730e+00
8.529276043953643693e+00
1.080394188102946451e+01
9.909347229841102944e+00
8.863943093135166151e+00
1.024310076519476453e+01
9.332671503382703904e+00
1.128698894425513899e+01
6.204856433805164606e+00
1.089608985728690449e+01
1.126895205943757716e+01
9.310956580504422320e+00
1.136207186059608176e+01
9.347970904642298962e+00
1.068947048398791466e+01
1.039357847047432237e+01
7.842098544680151662e+00
7.738700575835276041e+00
8.210921711874329176e+00
8.952009606392172358e+00
8.355556793736035104e+00
9.194719376656211196e+00
1.009283220884369747e+01
1.122213102564992226e+01
9.139086992618945970e+00
1.183855989639696205e+01
8.678607093063220645e+00
8.388396311445303510e+00
9.898124546444089233e+00
7.286482110764260334e+00
8.123049015341802459e+00
1.084371542844167635e+01
9.676931135116030092e+00
8.652236682798749356e+00
7.580050054930093317e+00
6.086440692167391475e+00
9.991772377382377002e+00
1.113266564225869715e+01
9.899292470127480925e+00
9.665488956077657789e+00
7.002752547458148236e+00
6.432329478400914624e+00
4.253321782931200445e+00
1.168099884769743468e+01
8.598547052353913145e+00
4.458481001608864069e+00
7.363659954592247203e+00
6.283132134017837878e+00
5.323162884824182761e+00
8.021998909038053682e+00
9.816466998827053203e+00
1.151837377186576106e+01
1.119566886462315303e+01
1.190733592930296325e+01
1.059457437362491028e+01
7.927851632960408956e+00
1.066786032328140621e+01
1.067691865995692879e+01
1.044463909471448382e+01
1.043418757590733392e+01
1.072040540584455570e+01
